1635955350556147336
1635955350820162057
1635955351088027715
1635955351356131315
1635955351620032310
1635955351888250589
1635955352156753778
1635955352420067071
1635955352688061952
1635955352956167459
1635955353220153093
1635955353488051414
1635955353756079673
1635955354020528078
1635955354288266420
1635955354556177139
1635955354820251703
1635955355088067293
1635955355356155157
1635955355620194673
1635955355888077020
1635955356156186580
1635955356424214839
1635955356688083887
1635955356956216812
1635955357224056482
1635955357488082885
1635955357756070852
1635955358024200677
1635955358288086891
1635955358556115388
1635955358824059724
1635955359088108062
1635955359356202840
1635955359624219894
1635955359888124465
1635955360156113624
1635955360424944162
1635955360688133955
1635955360956140995
1635955361224129676
1635955361488125085
1635955361756238698
1635955362024232387
1635955362288243293
1635955362556117773
1635955362824149131
1635955363088111639
1635955363356257200
1635955363624295473
1635955363888169765
1635955364156293153
1635955364424186468
1635955364688295364
1635955364956262111
1635955365224245786
1635955365488159418
1635955365756315231
1635955366024288654
1635955366288269042
1635955366556334257
1635955366824276924
1635955367088342666
1635955367356200456
1635955367624265432
1635955367888324975
1635955368156287908
1635955368424205064
1635955368692283630
1635955368956401824
1635955369224298000
1635955369492303371
1635955369756302595
1635955370024338722
1635955370292400360
1635955370556331157
1635955370824166774
1635955371092319250
1635955371356229305
1635955371624365091
1635955371892209291
1635955372156351566
1635955372424353599
1635955372688348770
1635955372956228256
1635955373220408201
1635955373488225698
1635955373752354860
1635955374020183324
1635955374284380674
1635955374552237033
1635955374820273876
1635955375084244966
1635955375352274179
1635955375616353034
1635955375884226322
1635955376148255586
1635955376416327953
1635955376680223941
1635955376948273658
