1635955570112015724
1635955570375994682
1635955570643996000
1635955570908158302
1635955571176032543
1635955571440130710
1635955571708286523
1635955571972037792
1635955572240092515
1635955572504125833
1635955572772044658
1635955573036028385
1635955573304009199
1635955573568034887
1635955573835991621
1635955574100069999
1635955574368144035
1635955574632051467
1635955574900065422
1635955575164068937
1635955575432055950
1635955575696065425
1635955575964471817
1635955576228198766
1635955576496042728
1635955576764034032
1635955577028154134
1635955577296067476
1635955577560061931
1635955577828283548
1635955578092069864
1635955578360077142
1635955578624037742
1635955578892076253
1635955579156043291
1635955579424191951
1635955579688088417
1635955579956158876
1635955580220062732
1635955580488228082
1635955580752079963
1635955581020093679
1635955581284085273
1635955581552088975
1635955581816121816
1635955582084095716
1635955582348070621
1635955582616085767
1635955582880129337
1635955583148094892
1635955583412125110
1635955583680192708
1635955583944330930
1635955584212083101
1635955584476107835
1635955584744096040
1635955585008177757
1635955585276356935
1635955585540159463
1635955585808119058
1635955586072129964
1635955586340242624
1635955586604138135
1635955586872162818
1635955587136127710
1635955587404142141
1635955587668416976
1635955587936145067
1635955588200168371
1635955588468294858
1635955588736337661
1635955589000118255
1635955589268298149
1635955589532193422
1635955589800186872
1635955590064159393
1635955590332288265
1635955590596168279
1635955590864296436
1635955591128133058
1635955591396170854
1635955591660213708
1635955591928673505
1635955592192191839
1635955592460343599
1635955592724353551
1635955592992157220
1635955593256195306
1635955593524382829
1635955593788204193
1635955594056371927
1635955594320210933
1635955594588346958
1635955594852156400
1635955595120196819
